638
600
3322
625
621
644
625
609
612
622
3213
575
558
556
554
568
2448
559
553
551
556
551
558
549
552
557
563
564
2320
549
555
560
552
559
553
554
570
572
581
567
575
573
563
574
563
567
566
576
577
571
567
581
569
571
568
576
573
611
618
627
658
635
620
612
603
622
594
599
3017
592
555
558
580
655
698
680
681
2479
604
593
590
617
618
602
642
609
594
596
585
1894
583
587
590
588
607
592
2167
576
583
577
579
588
593
608
600
593
574
581
136
561
552
552
564
571
593
585
583
574
572
1736
621
614
598
577
579
591
594
585
580
557
1033
571
582
567
569
569
562
591
589
576
571
562
563
574
563
558
554
558
555
556
549
555
560
543
550
548
1590
552
548
542
559
558
565
556
2479
558
566
548
541
549
552
563
546
549
541
1871
548
556
546
552
548
557
2374
549
555
544
549
537
540
537
1871
539
538
538
545
541
548
544
552
539
537
531
531
531
530
534
555
2329
544
547
542
543
533
542
534
539
541
553
541
541
2043
559
556
555
546
544
548
541
542
541
549
1871
561
547
560
552
559
557
564
561
549
1871
557
537
549
546
546
539
551
547
547
543
548
540
544
541
542
538
543
540
540
538
555
559
567
559
564
573
571
561
567
568
569
564
552
557
543
541
541
547
554
2307
542
543
548
547
551
549
552
555
1035
562
599
1590
632
587
583
2884
560
1653
568
573
566
565
2307
566
2885
553
570
557
555
553
555
558
560
561
561
563
1027
561
562
555
557
560
556
556
553
547
551
2646
576
580
569
570
2308
574
572
574
1216
561
559
561
558
588
603
603
603
2884
583
573
577
565
564
560
570
577
566
571
566
567
563
569
566
568
561
571
562
571
572
577
592
583
590
583
574
586
602
610
614
611
595
591
586
586
583
583
571
573
571
578
590
589
607
601
581
578
568
565
567
562
567
562
558
553
552
554
545
555
556
561
560
563
559
572
555
557
569
583
598
588
591
591
597
598
595
593
579
569
559
567
1303
563
561
563
1745
568
566
572
568
569
576
572
569
557
560
552
549
545
551
557
554
554
555
556
564
1216
576
564
569
568
561
554
548
539
537
542
1591
536
552
547
557
551
547
546
541
548
544
553
1317
543
543
531
534
539
542
541
546
542
540
539
543
539
542
537
527
1063
530