650
644
628
615
618
637
656
652
638
650
674
666
646
640
641
629
608
593
604
617
614
598
586
605
616
625
618
605
609
606
589
569
558
552
544
541
541
538
533
535
545
560
564
561
547
566
583
592
577
556
558
558
553
548
542
540
539
540
545
547
562
607
666
633
612
582
615
647
646
617
593
602
602
588
576
580
585
576
565
562
575
587
580
565
561
567
583
565
552
545
541
561
597
640
628
596
591
615
627
629
607
585
587
592
596
589
573
569
585
636
725
691
673
703
792
712
742
747
777
704
658
641
668
668
646
658
723
728
700
724
788
708
650
624
647
685
671
636
639
652
640
611
616
661
693
672
645
663
666
643
645
658
656
631
638
659
661
629
615
625
637
629
618
655
691
674
647
644
654
643
618
606
603
585
571
568
564
577
605
674
683
727
701
666
616
605
630
655
637
607
615
638
665
654
609
631
683
729
694
648
642
669
665
635
610
620
636
649
633
613
627
658
661
643
2174
620
640
661
664
649
646
657
651
627
604
621
633
633
614
598
617
645
654
633
606
603
647
685
684
656
3519
612
687
877
722
761
754
744
693
642
618
625
641
644
624
628
643
643
621
591
598
621
647
663
648
623
594
607
625
646
658
632
609
632
651
636
601
584
582
578
588
613
649
643
612
609
620
629
616
595
608
630
655
647
628
643
665
662
638
631
636
628
610
603
615
614
601
586
595
616
612
601
591
601
616
625
614
611
628
633
614
588
593
613
608
596
589
598
608
608
590
587
603
614
603
596
632
703
705
667
639
640
638
618
595
586
598
610
609
595
597
640
667
653
613
595
583
578
573
562
566
581
583
575
570
581
602
615
604
613
622
610
594
603
624
623
606
610
646
692
681
660
658
634
607
582
583
587
592
588
573
580
607
620
619
604
617
632
626
614
616
609
590
575
570
570
571
562
1355
634
648
667
618
584
565
558
570
584
595
587
576
588
598
593
577
561
563
571
568
561
558
580
606
610
600
599
626
640
630
602
586
585
592
587
577
570
576
582
584
575
561
563
572
591
596
616
657
685
659
611
592
590
579
570
570
578
580
574
566
572
583
589
580
570
577
589
590
581
576
585
586
582
569
573
578
570
566
567
570
577
569
566
581
589
591
587
591
603
605
592
576
580
582
578
570
567
568
576
574
564
560
558
560
554
549
551
562
562
560
549
552
562
564
554
550
557
564
567
554
546
547
551
550
544
539
538
537
538
537
542
556
583
600
585
583
596
611
612
594
568
566
560
553
546
540
543
549
555
552
542
545
553
558
551
540
537
546
555
561
560
552
541
535
543
555
567
565
551
542
545
557
565
564
557
545
547
562
572
570
568
557
569
585
592
580
560
546
552
568
586
589
577
561
557
557
557
551
542
549
567
585
584
571
556
550
546
543
540
534
532
531
528
521
519
515
515
511
515
527
539
537
526
533
541
544
2666
515
518
522
1220
532
536
539
532
534
534
532
527
522
518
518
1900
525
537
548
557
551
540
542
543
543
537
532
531
532
527
520
517
513
514
513
519
528
525
522
524
537
545
548
541
539
546
553
546
539
538
538
541
538
531
530
535
544
547
539
533
534
537
541
536
540
546
547
541
537
536
535
536
531
526
525
525
525
523
518
514
519
531
536
541
536
529
524
526
534
533
531
528
527
530
526
520
514
512
513
515
512
508
508
510
515
518
515
516
519
524
519
515
516
514
514
507
507
507
508
509
505
505
505
512
515
515
1394
530
523
522
523
519
515
511
508
503
504
500
500
500
503
504
504
501
502
506
506
500
498
492
494
492
492
491
492
491
488
491
490
497
493
492
493
499
502
501
498
498
500
502
500
498
498
499
498
499
496
493
492
493
498
501
506
513
507
505
515
527
535
525
516
513
515
519
518
514
506
511
516
513
509
506
507
506
508
506
504
507
509
513
511
508
517
528
530
528
517
510
507
501
498
495
492
491
487
487
490
487
483
495
503
512
517
524
513
509
511
511
507
500
499
499
500
494
492
484
484
483
488
490
493
499
493
487
485
492
495
512
515
508
503
505
514
525
518
504
498
502
499
501
494
491
486
485
489
490
494
488
489
483
479
478
484
493
498
500
494
488
493
495
492
484
478
477
474
475
478
480
480
477
473
476
481
484
483
480
475
474
477
478
477
475
474
474
476
480
479
474
472
469
468
464
461
458
456
455
455
454
450
451
448
450
452
455
456
450
452
455
458
460
458
453
449
449
449
447
452
455
458
455
456
456
458
459
457
455
456
457
460
459
459
458
458
461
459
458
458
456
459
459
458
458
455
457
458
458
458
457
458
458
456
454
456
455
454
452
451
452
452
453
451
451
447
446
446
445
446
444
443
445
444
445
446
446
445
444
443
448
451
453
453
452
455
454
452
452
450
449
454
458
462
461
458
455
453
457
458
458
455
454
454
457
460
459
458
456
462
466
463
461
458
459
458
454
452
452
453
455
453
453
453
454
452
452
449
450
453
452
451
448
448
449
452
451
449
452
452
449
449
448
450
448
445
444
444
442
443
443
444
443
447
443
445
442
444
444
442
439
440
442
440
441
439
440
439
440
438
438
434
433
432
432
432
438
438
437
436
435
437
439
436
437
435
436
435
435
435
433
435
432
435
433
434
430
434
430
431
433
431
430
430
432
432
430
430
430
429
435
432
433
431
432
432
433
428
428
427
425
426
431
428
431
429
429
428
434
431
428
431
429
432
432
431
428
429
428
429
431
430
430
428
426
426
425
428
430
428
428
424
425
423
424
424
422
422
421
421
424
420
420
421
421
421
419
419
418
419
418
418
418
417
414
415
417
414
416
414
418
418
417
419
423
420
422
420
422
426
424
423
424
423
425
426
427
425
426
427
425
424
423
423
422
423
421
421
423
417
422
422
419
422
420
422
421
420
422
418
421
421
418
418
418
418
418
418
416
415
417
416
416
415
417
415
416
413
415
415
414
413
413
413
412
411
411
412
410
410
408
409
411
405
407
406
407
406
405
405
405
405
403
406
404
403
403
405
404
404
403
403
404
403
405
405
401
402
403
401
403
403
402
403
404
404
404
404
403
403
404
404
404
401
405
401
401
400
401
402
399
400
399
402
399
403
403
403
403
402
404
402
405
403
400
405
403
403
401
403
403
402
403
399
400
401
403
402
402
400
401
401
402
400
397
398
398
398
398
396
397
395
398
396
399
394
397
396
397
396
398
396
395
397
397
398
401
399
396
398
398
397
401
401
401
400
399
401
401
396
398
398
396
397
400
393
397
396
399
397
396
395
397
395
396
394
392
395
395
394
392
392
393
392
393
391
388
392
391
390
391
386
388
388
387
387
388
386
386
388
387
389
386
384
388
384
389
386
389
386
390
388
391
387
387
389
391
387
386
389
389
388
392
387
388
390
389
390
388
388
387
390
388
385
387
383
388
385
386
382
384
388
384
386
383
384
384
384
386
381
383
382
382
382
377
380
380
379
379
376
379
377
375
375
376
377
373
375
375
373
373
374
372
371
374
372
370
372
370
373
369
372
1143
370
368
366
370
369
369
367
365
369
369
368
366
365
369
366
367
366
367
367
367
371
366
369
367
368
370
369
367
370
367
370
370
367
367
368
369
369
366
366
369
368
369
367
365
369
368
368
367
366
368
366
370
365
365
366
367
365
366
363
364
368
363
366
362
365
365
364
369
362
367
369
366
367
367
368
369
365
367
367
367
368
366
368
365
367
368
369
365
366
367
367
363
368
367
362
367
367
367
362
366
368
365
363
365
364
367
360
365
364
363
364
360
364
363
362
366
360
362
362
363
364
360
363
361
361
364
358
362
362
361
361
359
360
359
358
359
356
359
357
356
357
353
356
354
355
355
351
353
354
353
352
350
351
352
351
351
347
349
351
351
350
346
349
351
349
349
346
349
351
347
347
349
348
348
346
348
350
348
345
347
347
696
345
348
345
347
345
345
346
347
344
346
348
343
346
346
347
341
347
347
345
348
343
345
346
345
344
342
344
346
345
340
346
344
345
343
342
341
344
342
344
341
341
342
343
343
342
340
340
342
342
340
343
339
341
341
342
340
341
337
342
342
341
339
341
341
341
342
339
340
341
341
344
336
343
341
340
342
338
340
342
342
340
339
342
342
342
340
339
341
340
341
341
340
341
342
345
337
344
341
344
338
344
343
343
339
344
341
345
340
342
343
343
342
342
343
343
343
340
346
342
341
344
341
343
344
343
341
344
342
346
342
340
346
345
342
345
340
345
341
344
345
344
339
346
341
346
343
342
343
344
345
342
342
345
343
342
344
343
346
341
344
344
344
342
344
342
345
341
343
343
342
346
342
342
343
346
338
348
343
344
340
345
344
342
344
343
342
343
344
344
340
344
343
341
341
344
342
338
343
343
338
342
341
343
335
341
342
339
337
341
338
343
333
339
339
338
338
336
337
341
334
336
337
337
333
338
335
338
334
335
336
336
333
337
335
337
332
336
336
335
334
334
335
335
336
333
335
334
334
339
334
337
337
337
334
339
336
337
340
340
342
339
345
342
342
351
340
348
344
349
342
348
345
348
350
349
350
351
352
353
354
350
355
352
357
352
356
354
356
360
352
361
356
360
359
359
361
361
359
365
362
362
362
363
362
364
361
365
364
368
361
368
363
368
364
366
368
365
367
366
366
370
368
376
368
375
373
333
416
375
374
374
373
375
375
376
373
376
375
381
375
380
377
380
380
380
378
377
377
375
378
377
379
377
380
385
378
381
379
377
379
378
381
377
379
378
382
377
383
381
383
386
381
384
383
387
387
387
389
391
392
397
398
400
400
402
401
406
399
401
402
400
399
397
401
397
396
401
398
399
396
401
397
399
399
400
402
403
407
405
406
408
410
409
411
413
414
414
412
412
409
413
408
410
401
406
405
402
402
402
402
404
407
406
406
408
407
410
414
414
414
414
415
417
425
424
425
425
429
433
430
429
429
433
433
431
432
431
430
428
429
426
431
431
430
428
430
429
428
428
425
433
437
442
436
439
434
437
434
435
434
433
437
437
441
437
440
443
443
443
440
446
445
443
442
444
441
439
440
438
438
436
437
433
441
436
436
432
439
435
437
435
436
437
437
437
435
433
436
431
434
431
436
436
434
433
430
430
432
430
431
432
436
437
436
437
435
436
436
435
439
436
434
434
436
433
430
435
436
433
434
437
438
436
437
438
439
441
440
439
442
442
439
441
444
445
444
445
446
448
447
451
456
457
455
454
455
457
454
454
453
457
456
457
455
452
458
461
458
458
456
460
458
457
457
461
462
460
461
461
466
461
464
458
464
459
458
455
458
457
455
453
458
458
458
458
458
461
465
468
470
466
472
470
470
467
469
466
462
461
460
462
460
459
458
461
464
462
461
458
456
458
459
458
459
462
466
461
461
465
464
460
466
464
463
463
467
461
464
464
467
474
479
484
480
489
481
484
482
476
472
474
474
477
474
477
480
483
482
481
484
484
489
496
500
502
498
489
491
490
486
483
480
484
482
484
481
481
479
481
482
481
480
481
486
484
484
483
488
484
484
483
485
477
478
481
477
474
479
477
476
474
471
469
474
476
476
475
476
481
482
482
483
487
491
498
493
507
512
513
511
517
526
525
519
513
513
515
511
505